MAKILING,MARIA,,,,,
BACA,,,,,,
CRSE NO.,Grade,Units,Enrolled,Term,,
ENG 1(AH),2,3,6,6,,
FIL 20,2.25,3,6.75,12.75,,
IT 1(MST),2,3,6,18.75,,
PE 1,2,0,0,18.75,,
PHLO1(SSP),1.75,3,5.25,24,,
PSY 1(SSP),1.75,3,5.25,29.25,,
SPCM 1(AH),1.75,3,5.25,34.5,18,l/15/16
ENG 2(AH),1.5,3,4.5,39,,
HUM 1(AH),1.5,3,4.5,43.5,,
HUM 2(AH),1.5,3,4.5,48,,
MATH1(MST),2,3,6,54,,
MATH2(MST),2,3,6,60,,
SOSC1(SSP),2.5,3,7.5,67.5,18,Il/15/16
COMA 101,1.25,3,3.75,71.25,,
ENG 4,2,3,6,77.25,,
JAP 10,1.75,3,5.25,82.5,,
MATH 17,1.75,5,8.75,91.25,,
NASC3(MST),2,3,6,97.25,,
NSTP 1,1.75,0,0,97.25,,
SPCM 102,1.75,3,5.25,102.5,20,l/16/17
COMA 104,1.25,3,3.75,106.25,,
FIL 21,2,3,6,112.25,,
JAP 11,1.75,3,5.25,117.5,,
MGT 101,1.5,3,4.5,122,,
SOC 130,2.25,3,6.75,128.75,,
STAT 1,1.75,3,5.25,134,18,ll/16/17
ENG 101,2,3,6,140,,
COMA 192,1,3,3,143,,
COMA 105,2,3,6,149,,
HUM 150,1.75,3,5.25,154.25,,
PE 2,5,0,0,154.25,,
PI 10(SSP),2.25,3,6.75,161,,
THEA 107,1,3,3,164,18,l/17/18
ENG 103,2,3,6,170,,
ENG 104,2.25,3,6.75,176.75,,
HUM 170,2,3,6,182.75,,
NSTP 2,1.25,0,0,182.75,,
PHLO 184,2,3,6,188.75,,
SOC 112,1.75,3,5.25,194,15,ll/17/18
COMA 193,1.75,3,5.25,199.25,,
COMA 200,S,3,0,199.25,,
ENG 5,1.75,3,5.25,204.5,,
HK 12,2.25,0,0,204.5,,
SPCM 101,1.5,3,4.5,209,,
SPCM 104,2.75,3,8.25,217.25,15,l/18/19
ENG 156,1.5,3,4.5,221.75,,
ENG 155,1.25,3,3.75,225.5,,
ENG 102,1,3,3,228.5,,
ETHICS 1,1.75,3,5.25,233.75,,
STS 1,1.75,3,5.25,239,15,ll/18/19
COMA 200,S,3,0,239,,
ENG 152,1.25,3,3.75,242.75,,
HK 12,2.75,0,0,242.75,,
HK 12,2.25,0,0,242.75,,
THEA 101,2,3,6,248.75,9,l/19/20
COMA 200,1,(1)6,6,254.75,1,ll/19/20
,146,,,254.75,,
GWA,1.74486,,,,,
144,,,,,,
2nd Semester 2019-2020 grade included in the computation,,,,,,
UNITS EARNED,,,,,,